CLID	Name	AU-565	SK-BR-3	MDA-MB-453	HCC1428	BT-474	HCC1419	ZR-75-1	MCF7	MCF7/Her2	H3396	ZR-75-30	MDA-MB-468	HCC38	MDA-MB-436	BT-20	HCC70	HCC1954	BT-549	MDA-MB-157	MDA-MB-231	HS578T	HCC1806	MDA-MB-435S
"1=Pcorr_Dasatinib_L :: Correlation || Cancer Res. 2007 | PMID:17332353, 2=Pcorr_Dasatinib_R :: Correlation || Cancer Res. 2007 PMID:17332353"	NaN	Pcorr_Dasatinib_L_Correlation_Cancer.Res.2007_PMID.17332353	Pcorr_Dasatinib_L_Correlation_Cancer.Res.2007_PMID.17332353	Pcorr_Dasatinib_L_Correlation_Cancer.Res.2007_PMID.17332353	Pcorr_Dasatinib_L_Correlation_Cancer.Res.2007_PMID.17332353	Pcorr_Dasatinib_L_Correlation_Cancer.Res.2007_PMID.17332353	Pcorr_Dasatinib_L_Correlation_Cancer.Res.2007_PMID.17332353	Pcorr_Dasatinib_L_Correlation_Cancer.Res.2007_PMID.17332353	Pcorr_Dasatinib_L_Correlation_Cancer.Res.2007_PMID.17332353	Pcorr_Dasatinib_L_Correlation_Cancer.Res.2007_PMID.17332353	Pcorr_Dasatinib_L_Correlation_Cancer.Res.2007_PMID.17332353	Pcorr_Dasatinib_L_Correlation_Cancer.Res.2007_PMID.17332353	Pcorr_Dasatinib_R_Correlation_Cancer.Res.2007_PMID.17332353	Pcorr_Dasatinib_R_Correlation_Cancer.Res.2007_PMID.17332353	Pcorr_Dasatinib_R_Correlation_Cancer.Res.2007_PMID.17332353	Pcorr_Dasatinib_R_Correlation_Cancer.Res.2007_PMID.17332353	Pcorr_Dasatinib_R_Correlation_Cancer.Res.2007_PMID.17332353	Pcorr_Dasatinib_R_Correlation_Cancer.Res.2007_PMID.17332353	Pcorr_Dasatinib_R_Correlation_Cancer.Res.2007_PMID.17332353	Pcorr_Dasatinib_R_Correlation_Cancer.Res.2007_PMID.17332353	Pcorr_Dasatinib_R_Correlation_Cancer.Res.2007_PMID.17332353	Pcorr_Dasatinib_R_Correlation_Cancer.Res.2007_PMID.17332353	Pcorr_Dasatinib_R_Correlation_Cancer.Res.2007_PMID.17332353	Pcorr_Dasatinib_R_Correlation_Cancer.Res.2007_PMID.17332353
5412	5412	1.1703	0.421	1.453	1.806	0.8617	-0.1177	0.7063	1.0882	-0.3381	1.4475	1.1931	-0.361	0.2409	-0.2275	1.3235	-1.1391	-1.216	-1.0156	-1.7384	-1.9485	0.253	-0.5105	-0.5565
3601	3601	-2.005	-1.469	-3.183	-1.841	-2.383	-0.02782	-2.122	0.6958	1.451	-1.763	-1.251	1.114	1.635	1.493	-2.56E-07	2.457	1.248	-0.817	0.7101	1.941	0.5373	1.645	-1.112
27242	27242	-1.348	-2.624	-1.875	-3.13	-2.357	-0.1103	-1.876	-1.726	-2.345	-3.294	0.1701	0.6821	-0.1268	0.5858	1.157	1.052	0.7508	3.91E-07	0.4041	1.747	2.52	1.81	2.132
10403	10403	-1.169	-0.6344	-0.3976	-0.9585	2.74E-07	-1.062	-0.2755	-0.5685	-0.1883	-0.6395	-2.244	1.84	0.2626	-0.1468	0.5113	1.293	0.2251	1.174	1.179	1.202	0.889	0.463	0.4945
2131	2131	-0.6359	-0.0794	-0.2889	0.4954	-0.6684	-0.6366	-0.9449	-0.7496	-1.0262	-0.3961	0.5161	-0.262	-0.0281	1.5911	-0.277	0.0481	2.168	0.7553	1.7178	1.3668	1.9708	0.4772	-0.0007
50804	50804	-0.8669	-0.1888	0.1729	3.49E-07	-0.1751	0.5102	0.3084	1.074	0.411	1.238	0.5124	-2.504	0.3732	0.6014	-0.9747	-3.417	-4.214	0.6893	-1.711	0.1312	-1.566	-0.6388	-3.066
30011	30011	-0.3906	-0.6254	-1.95	-0.4968	-0.7112	-1.715	-0.3796	-0.002641	2.51E-07	-0.03119	-1.305	0.148	-0.1671	0.6214	0.297	1.547	1.726	0.4379	1.31	1.907	1.305	0.6214	2.187
7227	7227	0.9282	1.956	-0.1175	1.4725	-0.4761	1.8535	1.4122	0.0247	0.6796	1.573	2.115	-1.4283	1.777	-0.2116	-0.9387	-1.9619	-0.6627	-0.1381	-0.6433	-3.2165	-0.2193	-3.195	-1.357
5099	5099	0.5846	0.185	-1.365	1.671	-2.59	-0.3191	-0.7976	-1.564	-0.9188	-1.65	4.50E-08	-0.2875	-0.8032	0.02538	1.514	0.5179	1.281	0.06467	1.18	-0.0929	1.45	1.674	-1.472
2152	2152	0.9961	1.939	-3.823	-3.45E-07	-4.565	-3.216	-3.446	-3.695	-3.857	-4.194	0.8897	1.597	2.719	-0.0925	0.9835	1.032	3.556	-3.406	-0.9116	4.039	2.849	4.32	-3.648
5621	5621	-6.01E-08	0.2541	-2.092	-1.922	-1.29	-1.698	-1.203	-0.8528	-1.874	-1.42	-1.607	0.7171	1.852	-0.1942	0.329	-0.073	0.9593	1.291	0.736	1.803	1.177	1.665	1.853
7791	7791	1.087	0.6429	-1.289	-0.4904	-0.84	-0.3578	-0.8689	6.89E-08	-0.9778	-0.5508	0.5309	-0.342	-0.1897	-0.2502	0.9929	0.6715	1.2	0.4891	0.4249	0.5657	1.641	-0.6017	0.1685
5696	5696	-2.30E-07	-3.194	-6.503	-4.802	-4.592	-4.786	-2.791	-5.985	-5.385	-5.58	-4.448	1.133	0.99	0.5736	1.487	1.593	1.422	0.3125	0.9463	0.6123	-0.06064	0.4961	0.7785
10927	10927	-0.3704	-1.28E-07	-1.403	0.09574	0.2772	0.6152	-0.03177	-0.4617	-0.8539	0.5017	0.08351	0.8592	-0.1143	0.6124	-0.02982	-0.692	0.5266	0.2231	0.2414	0.3378	-0.3111	-0.6365	-0.6391
388228	388228	0.002108	0.3666	1.407	0.849	0.9947	1.544	2.001	4.11E-07	0.9176	1.438	1.784	-0.3608	0.1679	-0.9924	-1.125	-0.5991	-1.345	-1.146	-2.499	-1.929	-2.366	-2.928	-0.8607
11221	11221	-0.4203	-1.302	4.55E-07	-2.526	-0.02745	0.7358	0.4295	-1.209	-1.585	-1.801	0.2824	-0.5726	1.005	-0.04261	1.321	-0.3989	2.316	-1.093	1.903	0.8274	0.6231	1.51	0.6843
1806	1806	-1.06	-2.662	-2.009	-2.986	-1.889	-5.394	-2.338	-1.686	-5.589	-2.11	-1.18	0.6379	0.03215	1.046	1.157	3.306	2.68E-07	1.662	0.7159	2.683	2.878	0.4858	2.188
317649	317649	-1.2714	-0.2506	1.5589	0.4194	-0.1139	0.8269	-0.7904	1.1501	0.9525	0.6484	1.5633	-1.2911	-0.4144	0.9712	-0.2566	-1.1527	0.2936	-1.1004	-0.1826	-0.4677	-0.0571	0.201	-0.4087
10206	10206	0.1154	0.695	-0.0268	3.79E-07	0.02013	-0.1133	0.3407	-0.4714	-0.493	0.04354	0.3055	0.3352	0.4382	-0.0009154	0.7466	-0.2637	-0.009447	0.04342	-0.1809	0.4762	-0.3203	-0.193	-0.005766
84527	84527	-0.578	-1.8819	0.2875	0.1787	-0.238	-0.5639	0.0059	-1.268	-0.4466	-1.712	-1.7311	-0.6175	-0.1713	-0.1777	-0.2137	0.7254	-0.7643	0.2924	0.1902	0.8197	0.7383	1.2812	-0.091
81539	81539	1.5127	0.2479	0.4365	-0.1637	1.2133	-0.2931	0.4688	-0.5467	0.3496	-0.2702	0.4755	0.3145	-1.15	0.6259	-0.4692	-0.8685	-0.3139	-0.4472	-0.3008	0.0641	-0.9988	-0.7976	-0.733
7378	7378	-2.676	-3.966	-5.055	-1.746	-4.082	-4.461	-4.606	-3.154	-4.37	-4.932	-5.124	1.632	0.7087	2.222	0.5906	1.489	0.7979	-4.31E-08	1.682	1.279	0.7094	1.302	2.287
56704	56704	2.04	2.366	-0.7884	1.599	-0.2707	0.1416	0.7995	2.33	0.4789	0.5063	-0.4311	0.003801	0.1371	-4.61E-07	-1.1	-1.304	-1.427	-1.885	-1.094	-0.9267	-1.719	0.1495	-0.8115
7035	7035	-1.763	-0.4299	-1.126	0.5626	-1.658	-0.513	-1.971	1.636	-0.8938	0.3485	-0.9362	1.376	-0.09286	-0.6299	-0.5162	1.521	0.8719	2.517	1.971	2.573	4.262	3.60E-08	1.143
55742	55742	0.0732	0.204	-1.0253	0.6863	-0.4164	-1.3515	-1.884	-0.6693	-0.801	-1.2207	0.6712	-0.199	0.4303	-0.1361	0.4462	-0.0872	0.1915	-1.4916	0.9787	0.7336	-0.3885	0.2392	1.0012
23406	23406	-1.486	-1.77	-1.844	-0.6471	-2.458	-2.389	-2.281	-0.746	9.18E-09	-1.233	-3.891	0.9103	1.194	0.6901	1.226	2.545	1.996	1.606	-0.05468	0.9351	1.47	2.008	1.333
857	857	-0.9336	-2.097	-4.183	-3.97E-07	-4.532	-4.461	-5.323	-4.273	-4.05	-2.92	-2.5	2.529	3.171	2.716	-0.4317	2.047	2.96	4.123	3.572	4.151	4.448	4.786	2.868
60686	60686	0.8745	0.4549	0.2925	-0.3593	0.1299	-0.0245	0.6046	-0.3124	0.5193	0.3113	0.6029	0.0724	0.2808	-0.1985	-0.223	-0.2838	-0.553	-0.753	-0.1538	-0.7071	0.0042	-1.1793	-0.0465
23007	23007	0.9443	0.5746	-0.2416	0.2124	0.9196	0.583	-0.3503	-0.5986	0.1288	0.4744	-0.4622	-0.215	-1.2155	-0.3102	-0.9915	0.347	0.5615	-0.0985	-0.4723	0.0029	-0.8638	-1.1636	-0.8205
11167	11167	-0.4046	0.2733	0.6345	0.0246	0.2684	-0.9236	-0.5916	-0.5293	-0.4105	-0.6361	-0.6552	-0.1683	1.8419	2.6945	0.5039	1.1675	1.1377	2.9825	2.3401	1.8039	2.3515	2.0185	-0.8983
1969	1969	-0.1038	-0.6638	-2.549	-1.612	-1.741	-0.6131	-1.517	-1.174	-1.39	-0.7434	-0.8052	0.2963	2.131	0.4066	0.6946	0.9819	1.105	2.139	2.055	2.506	1.077	1.72	1.40E-07
51747	51747	-0.0721	-0.081	0.7173	0.4427	0.5974	0.4007	-0.02	0.2655	-0.0848	0.6327	0.6529	-0.1435	0.1163	-0.1879	-0.5567	-1.0415	-0.1344	-0.1598	-0.4159	-0.009	-0.7395	0.1665	-0.0261
92482	92482	-0.3556	-0.6046	0.5605	0.4485	0.6724	-0.1311	0.5718	-0.26	-0.2269	-0.1462	0.4079	0.1818	-0.9389	-0.2178	-0.0539	-0.7167	-0.4049	-0.208	0.1083	-0.0403	-0.2775	0.3181	0.302
9411	9411	-1.348	-0.318	-0.5257	0.5887	-1.002	0.2549	-1.977	-1.682	-2.381	-1.241	0.3052	1.291	1.517	-1.776	0.4084	0.5844	1.127	-1.456	-2.05E-07	1.659	1.094	0.3319	-2.467
1201	1201	1.182	1.03	0.7095	0.2024	-0.1263	1.085	1.014	-0.4801	0.9879	0.2481	1.037	-0.2757	-0.7756	-4.26E-07	-0.9695	0.2309	-0.2771	-0.102	-0.6853	-1.279	-0.672	-0.8905	0.1764
56994	56994	0.5681	0.1839	8.92E-08	0.2864	-0.3123	-0.303	0.1337	0.185	0.7501	0.1066	-0.4527	-0.84	0.1466	0.2322	-1.37	-0.4148	-1.234	-0.8749	0.1041	-0.08371	-1.334	-1.086	0.04327
2150	2150	-0.04033	-0.06256	-3.45	-0.737	-1.14	-2.105	0.2624	0.008802	-1.18	-3.65E-09	-0.8462	2.067	-0.4534	-2.052	1.103	1.619	2.933	1.436	2.2	3.463	1.68	1.197	-1.233
27250	27250	0.6896	-0.5154	1.607	3.942	1.944	2.358	3.399	1.092	0.929	1.202	1.519	-0.09206	-0.3641	-0.4251	-0.7478	1.307	-4.07E-07	-0.6046	-0.6499	-0.3855	-1.186	-0.73	-0.09687
55970	55970	0.1743	-0.6465	-0.4408	-1.43	-1.29	-0.1833	-1.266	-1.335	-1.585	-1.911	1.51E-07	-0.07272	-0.6004	1.196	0.4671	1.819	0.6218	1.254	0.1959	1.305	1.772	0.5	1.085
55323	55323	-1.7	-0.9586	-2.286	-0.6865	-0.507	-1.054	-0.8991	0.1748	-1.535	-0.3981	-1.49	-0.3742	1.844	0.6746	0.3914	2.325	2.26E-07	1.252	2.708	2.03	2.401	1.588	2.157
283987	283987	1.068	1.464	3.194	0.6451	0.721	1.018	1.991	-0.5257	1.074	1.011	1.134	0.1078	-1.191	-1.799	3.12E-07	-0.9661	-0.1291	-1.664	-1.526	-2.027	-2.031	-1.937	-1.431
771	771	0.0349	0.5794	1.2963	1.9995	0.5255	0.7332	1.3914	2.0225	1.0068	1.917	1.5005	-2.1555	-2.2594	1.4039	-2.1427	-1.5593	-1.5347	-0.3758	-1.87	-0.9882	-0.5542	-2.1565	-4.064
7048	7048	-1.932	-1.664	-0.39	-0.9746	-0.0536	-2.2515	-1.2807	-1.253	-2.4795	-0.8002	-0.9498	-0.4835	0.5692	-0.8077	0.3733	0.2832	0.6553	0.6009	-0.275	1.1136	0.8672	0.0929	0.3534
5880	5880	-0.4769	3.24E-07	-1.512	-1.051	-0.7644	-0.6168	0.1989	-0.2393	-1.665	-1.05	-1.608	2.281	0.3626	1.089	2.217	2.487	1.312	-0.5967	-0.3081	3.578	2.917	3.213	2.828
9120	9120	2.053	0.4331	2.926	1.531	-0.3849	3.482	0.7477	2.468	2.119	1.986	3.927	-0.07757	-1.563	-0.02345	6.42E-09	-0.3403	-0.854	-0.3647	0.4762	-1.958	-2.143	-2.06	-1.794
53827	53827	-0.07129	-3.68E-07	-0.0387	-2.205	-2.876	-3.211	-1.186	-2.551	-3.663	-2.436	-2.294	1.093	0.05282	-0.2204	1.493	1.825	2.32	1.689	2.055	0.8478	0.7265	2.362	1.202
123099	123099	-0.9792	1.011	2.398	4.465	3.744	1.615	4.966	3.006	2.814	2.937	4.747	2.98E-07	0.01494	-2.159	-1.078	-1.546	-0.8634	-1.576	-1.567	-1.692	-1.669	-1.506	-0.2462
858	858	-1.923	-3.718	-3.528	-0.3271	-2.174	-2.602	-2.169	-1.517	-1.848	-1.763	-3.25	2.568	1.987	0.4805	0.04169	1.173	0.599	2.994	2.636	2.503	2.24	2.486	4.69E-07
9655	9655	-0.6538	-0.319	-0.4682	4.03E-07	-1.519	-0.7283	-0.6053	-0.2051	-0.4279	-0.9734	-1.207	1.226	0.9305	0.4521	0.1931	0.5853	0.04325	0.03757	1.311	0.03318	1.708	0.6728	-0.07205
57669	57669	0.707	0.4423	0.0402	0.9138	-0.8882	0.56	0.6503	1.2484	1.5465	1.697	0.4391	-0.197	-0.1216	-0.7198	-0.264	-0.3115	-0.6734	-2.702	-2.057	-1.8875	-2.349	-0.7283	-1.923
2004	2004	-1.855	-0.9097	-0.9471	-0.06192	-2.266	-1.015	-2.028	0.4633	-0.7356	-0.5281	-0.6743	-1.168	7.18E-08	0.2154	0.5194	1.332	0.9626	1.488	0.4605	3.169	1.679	1.329	1.831
4651	4651	-0.8755	-0.1412	-1.5095	-1.0945	1.5843	0.1398	-1.635	-2.8195	-1.6205	-1.1121	0.3193	0.2262	-0.1105	-0.3543	-0.7912	0.2737	1.1179	0.4844	0.8758	0.6004	0.9147	1.5025	-0.3531
22936	22936	-0.5319	-0.909	-1.3135	-1.6704	-1.9775	0.3222	-1.1056	-1.4697	-1.6669	-1.1318	0.7371	0.5495	2.0625	0.6844	1.413	-0.1868	1.2355	1.828	0.76	0.8276	1.328	0.0922	-0.803
801	801	-0.0706	1.0367	-0.3493	0.4969	1.8095	0.9131	0.865	0.9171	0.9799	1.0982	0.3838	-0.4193	-0.266	-0.165	-0.022	-0.7136	-0.1924	0.1441	-0.1671	-0.0752	-1.2031	-1.1161	-0.4195
2181	2181	-0.1442	0.0746	0.2853	-0.3981	0.9365	1.3346	-0.1053	-0.5055	0.8521	0.0661	0.2617	0.4578	1.1309	0.2432	-0.5734	-0.8159	-0.4113	-0.4252	-0.6325	-1.1935	0.0107	-0.3129	-0.0721
58513	58513	-0.5895	0.0805	0.1112	0.2209	0.6535	0.1691	-0.3772	-0.3893	0.962	0.3959	0.1461	0.7237	0.2575	0.728	-0.4241	-1.3974	-0.6246	-0.3498	-0.0513	0.2818	-0.0175	-0.521	-0.7011
11118	11118	0.7385	-0.9685	-2.426	-1.972	4.73E-07	-3.526	-1.118	-3.995	-1.105	-3.503	-0.6409	1.475	0.4853	-1.84	0.1987	1.895	0.184	-0.4495	1.765	0.1977	1.139	1.454	1.536
55700	55700	-0.7239	-0.6509	-4.60E-07	-0.8856	-0.6092	-0.5058	-0.1417	-1.022	-1.037	-0.167	-0.1425	0.7657	-0.5291	0.7993	0.5093	1.391	0.405	0.597	0.9142	1.013	1.283	1.148	0.3197
55048	55048	0.6615	0.8775	0.8162	1.503	0.6423	-0.8774	-0.3306	0.09456	1.019	0.4427	0.8761	0.4137	-0.5141	0.06866	4.55E-07	-1.043	-0.36	-1.152	-1.502	-1.101	-1.059	-1.545	-0.9176
7045	7045	-0.4375	0.1669	-4.361	-0.8044	-0.7464	-1.787	-1.706	-0.7216	-2.608	-2.737	-0.52	-3.21E-07	2.423	0.8189	-0.08025	3.641	2.039	3.545	4.052	1.595	5.157	3.459	4.044
3437	3437	-1.131	-1.357	-2.605	-1.033	-1.187	-0.7194	-0.9463	3.34E-07	-0.9536	-0.6529	-0.5461	0.09306	0.2557	1.199	0.04609	1.345	1.383	0.8297	1.066	1.529	0.172	0.3748	-0.07385
388	388	0.913	2.201	2.173	1.1983	1.393	1.96	1.499	0.2294	0.1653	0.7729	0.2798	-0.3405	-2.0395	-1.1	-0.1896	-2.4735	-0.3211	-2.5695	-0.3419	-2.1925	-1.722	-2.2645	0
1956	1956	-0.1579	0.5974	-2.0246	-0.7635	-0.0786	-2.527	-2.1725	-1.5005	-1.4365	-1.1796	-2.1675	3.981	0.279	0.1716	1.322	0.1968	0.534	0.1264	-0.2375	0.7883	0.1748	0.9133	-1.3126
7031	7031	-0.1273	2.251	0.9139	7.061	6.967	6.888	5.531	6.379	6.838	7.267	2.104	-2.246	-0.06646	-1.419	-1.208	-1.188	-1.004	-3.70E-07	0.2895	-0.4558	-1.311	-0.7836	-0.6437
26064	26064	-2.039	-3.053	-2.912	-0.3055	-1.605	0.4981	-2.516	-1.413	-1.976	-2.019	-2.148	0.1399	0.7225	1.409	0.5107	0.5642	1.097	0.8349	0.3028	0.3807	-1.15E-07	-0.009212	0.08589
5332	5332	1.2303	1.436	1.884	-1.0706	1.0055	0.5068	1.1177	-1.2595	0.5556	1.0145	1.1309	0.576	0.7616	-0.9072	-1.2525	-1.6307	-0.9552	-0.3987	-0.1972	-1.1307	-0.5006	-2.1323	-0.0501
9180	9180	-0.886	-1.61	-1.841	-0.3887	-1.122	-0.5899	-0.6024	-0.05533	-2.76E-07	-0.2238	-0.95	0.1318	-0.3748	1.242	1.268	1.766	1.68	2.591	0.9667	0.8497	1.714	0.6777	0.8224
10591	10591	0.9271	-0.1705	-0.2235	0.3449	-0.0721	-0.227	0.6627	0.6283	0.769	0.8898	0.1284	0.2797	-0.8193	-0.8672	0.1954	-0.4887	0.5255	0.8307	0.1914	-0.5074	-0.3325	-0.5192	-0.137
23468	23468	-0.7087	-0.4204	0.4567	-0.1549	-0.241	0.4543	0.0659	1.211	-0.1209	0.3413	-1.1674	-0.4976	0.4067	0.4332	-0.5804	-1.0745	-0.3237	0.2015	-0.2114	0.1498	0.2824	-0.005	0.4437
4478	4478	-1.5316	-2.7052	-3.8512	-0.2949	-3.5865	-3.3848	-1.055	-1.8346	-3.1779	-3.2215	-3.7931	0.8206	0.9631	0.4642	-0.17	1.2438	0.317	0.9371	0.444	0.9117	1.0451	0.5622	1.0134
10140	10140	0.9572	1.122	0.08591	2.044	0.9681	0.8486	1.185	0.8269	1.44	0.7788	1.765	-1.084	-0.3016	-1.09	-0.3878	-0.8113	3.49E-07	-1.505	-0.8595	-1.377	-2.767	-0.2455	-1.297
10602	10602	-0.5765	-0.6521	-2.286	-2.151	-1.677	-0.6827	-2.294	-1.876	-2.535	-2.862	0.1034	0.5505	0.3608	-3.50E-07	1.081	-0.1517	0.7421	0.8127	0.5029	2.05	3.239	1.425	1.81
21	21	-1.729	0.4669	2.392	0.1115	-2.66E-07	0.9281	2.01	1.615	1.799	1.951	1.823	-0.9183	-0.9393	0.117	-1.38	-2.717	-0.8157	0.113	-2.321	-3.001	-3.178	-1.965	-0.7528
10730	10730	-0.4458	-0.08429	-0.5173	0.1623	0.09398	-0.009788	-0.05927	0.08406	0.3826	-0.05781	-1.26E-08	-0.4797	0.2105	0.3238	0.4097	0.3815	0.1218	0.2041	-1.333	-0.1572	-0.6174	-1.401	0.03588
55214	55214	-2.849	-1.333	-0.4199	-1.903	0.01941	-2.449	-1.452	-2.619	-2.644	-2.489	-1.643	-3.88E-07	3.312	-1.231	2.598	2.599	2.209	3.092	1.084	0.7523	2.741	0.298	0.983
831	831	-0.4955	-0.5313	-1.662	-0.649	-1.295	0.6328	-0.6646	-0.7839	-1.554	-1.455	0.1697	0.7323	-0.5453	0.2167	0.7388	0.2422	0.7532	-0.1323	0.1311	0.6315	0.9866	0.6129	-1.69E-07
115207	115207	-2.096	-0.8785	-3.406	0.05303	-1.55E-07	-1.712	2.364	-0.5997	-2.415	-2.551	-1.206	-0.8373	3.828	0.6454	0.2186	3.184	-0.2514	0.007292	3.038	2.862	2.725	0.8503	-1.397
57475	57475	3.445	-0.04164	1.5	1.623	0.6024	0.3101	0.3408	1.719	1.974	1.628	0.04321	-3.64E-07	-0.1038	-0.662	-1.078	-0.7168	-0.161	-1.264	-0.6336	-0.5587	-1.552	-0.2503	1.676
4067	4067	-0.4933	-0.4204	-1.0942	0.1643	0.6031	-0.6221	-0.7635	0.3134	-0.1445	-1.2164	-1.0671	0.5223	0.3485	0.7349	0.5848	2.374	1.425	0.6733	0.8943	0.175	-0.9526	1.41	1.0789
2013	2013	0.7088	0.7229	-0.09148	0.5878	0.09758	0.8027	1.754	1.211	1.246	0.717	0.1964	-0.1242	-2.52E-08	-1.097	-0.02086	0.9329	-0.7506	-1.749	-1.437	-1.774	-1.694	-1.436	-0.7425
23329	23329	1.988	1.769	1.351	-0.2374	1.789	2.162	2.005	1.385	1.776	1.775	1.799	-0.8048	-0.2821	-1.102	-0.6635	-1.272	-1.93E-07	0.1421	-1.476	-0.3961	-1.047	-0.6107	-1.063
6764	6764	-0.3796	0.4426	-0.9381	-0.8385	-0.8933	-0.7485	-1.101	-0.9521	-0.3778	-1.516	-0.64	0.3938	0.8266	1.094	1.128	0.4206	0.3741	-0.1904	1.331	-1.02E-07	0.7945	1.225	1.311
182	182	-0.2864	-0.6607	-0.2943	-0.3175	-1.489	-1.9625	-0.4707	-0.4683	-0.6658	-1.568	0.403	0.2186	1.718	-0.9596	0.4127	1.7218	1.8535	-0.9895	1.8879	1.7858	2.0128	1.8815	-0.5452
5328	5328	-1.089	3.61E-07	-1.637	-1.388	-1.192	-0.9028	-1.151	-1.15	-0.9323	-0.8982	-0.7259	0.8992	1.799	2.77	0.6245	0.4101	2.34	3.499	1.285	3.997	2.543	3.013	-1.563
1289	1289	-1.274	-1.694	-2.804	0.03023	-3.253	-3.972	-2.148	0.9444	-3.497	0.03078	-1.992	-1.832	0.4635	1.803	1.12	-0.8099	0.5093	1.604	3.217	1.579	3.998	-4.14E-07	-2.677
430	430	0.008142	-0.5985	-0.1404	2.11	4.803	5.863	2.916	1.547	4.805	3.764	2.215	9.76E-08	0.774	0.4606	-0.6918	-2.047	-1.553	-0.6878	-0.7351	-0.8744	-0.703	-0.92	-1.81
4233	4233	0.4563	-0.5668	-3.592	-0.9955	-0.6106	-2.671	-2.184	-1.694	-2.323	-1.891	-2.525	0.1934	3.34E-07	0.5465	0.1493	0.8511	1.414	0.6146	-0.3311	1.056	0.4435	1.112	0.1427
23171	23171	1.618	1.231	1.253	0.1209	0.9816	0.3494	0.8161	1.796	0.8437	0.3253	0.9493	-2.87E-07	-1.298	-1.482	-1.16	-1.026	-0.8642	-2.641	-0.7654	-1.17	-2.118	-0.826	-0.9274
6591	6591	-1.81	-1.068	-2.894	-2.727	-2.309	-0.8445	-0.9373	1.11E-07	-1.233	-1.215	-1.244	-2.192	0.129	1.546	1.303	3.304	2.813	1.964	5.503	3.491	5.522	4.406	4.178
118429	118429	-0.532	-1.04	-0.1893	-1.349	-0.7485	-2.031	-0.767	-1.554	-2.574	-1.017	1.367	-0.3409	-4.36E-07	1.205	0.7311	2.441	1.834	2.567	2.55	4.088	4.759	2.994	1.481
170954	170954	-0.9563	-0.4733	-1.412	-0.2075	-0.6364	-1.071	-1.22E-08	-0.5861	-0.9554	-0.5421	-1.486	0.1968	0.008827	0.6819	-0.7851	1.019	0.5055	1.384	1.551	2.206	1.667	1.65	0.7164
8540	8540	-2.996	-2.234	-2.055	0.2092	-0.8591	6.99E-08	-1.214	-4.487	-4.709	-3.681	-2.88	0.7667	1.274	1.091	0.5472	0.5882	-0.3436	-0.3567	1.269	0.9914	0.8902	2.336	1.403
51340	51340	0.4429	1.133	1.026	-1.19	0.5481	1.17	0.3757	0.2008	0.912	1.247	1.666	-1.115	0.07994	-1.19	-1.205	-1.677	-1.677	-0.6363	-0.6162	4.68E-07	-0.4228	-1.192	-0.1918
57580	57580	1.755	3.272	-0.6208	1.577	3.647	1.954	2.775	2.81	3.389	3.303	3.015	-2.32	-3.435	-0.5041	-1.201	-2.393	-2.592	-3.447	-0.6282	-3.653	0.1417	-0.2058	6.16E-08
7163	7163	1.8645	2.3105	-0.1662	0.8573	0.7289	-0.0368	0.2357	-0.1388	0.3009	0.7238	-0.0451	-0.6986	0.3767	-2.2725	-0.8822	-0.588	0.9763	-0.9486	-2.1825	-0.7852	-1.6517	-0.2943	-0.0036
83451	83451	0.8174	0.6661	0.3306	0.5321	1.431	-0.5105	0.6806	0.346	1.234	1.005	1.213	-1.04	-1.004	0.04732	-1.575	-0.7872	-1.33E-08	-1.282	-0.8616	-1.035	-1.418	-1.3	-1.451
5698	5698	-1.223	-2.368	-3.596	-0.9584	-2.057	-1.783	-1.699	-1.822	-0.00244	-1.014	-1.836	0.9231	1.796	0.5592	1.958	2.394	1.491	-1.09E-07	1.793	1.164	0.7423	0.6283	1.446
131566	131566	-0.8364	0.3727	-1.868	-0.2528	-0.2906	-0.3503	0.07665	-0.634	-2.522	-0.2115	-0.4497	-1.423	-0.06033	0.9359	0.2763	0.6	0.6342	0.8221	8.02E-08	1.437	2.316	1.678	2.028
346887	346887	-3.096	-2.365	0.07978	-2.04	-2.554	0.6191	-2.664	-3.6	-2.958	-2.963	-3.43	0.3563	0.9091	3.99E-07	-0.1244	1.089	2.473	1.659	1.494	1.683	2.431	-0.7104	0.4005
10166	10166	-0.8581	0.3411	0.3119	-0.2618	-0.6856	-0.3848	0.6235	0.8419	0.6262	0.8172	-0.3324	0.16	0.5619	3.71E-07	-0.3906	-0.5531	-0.7314	0.07504	-0.9133	-0.308	-1.246	0.3143	0.4574
64208	64208	-0.1738	-0.3462	-2.363	-0.3084	-0.6275	-0.8274	-1.532	-0.07362	4.38E-07	-0.5729	-0.6801	1.5	1.504	2.523	1.692	1.461	0.4512	-0.1868	1.765	1.475	0.6061	1.83	2.051
253782	253782	0.2983	0.05651	0.8439	1.002	-0.0912	1.696	0.8505	9.33E-08	1.01	0.6548	0.8052	-0.715	-0.06202	-0.1817	-1.789	0.1896	0.1574	-1.133	-0.1192	-0.9547	-0.7244	-0.5787	-1.265
949	949	0.2749	0.0352	-0.0302	0.4886	0.412	-0.5047	-0.1479	0.277	-0.6629	0.2293	-0.2238	0.0651	0.1279	-0.109	-0.0235	-0.4839	0.0341	-0.0194	0.3432	-0.3281	-0.9533	-0.1546	-0.026
10477	10477	-0.6218	-0.2969	-1.8216	-0.616	-2.3075	-1.6701	-0.9486	-0.2593	-0.8492	-0.4664	-1.5565	0.5755	0.2459	0.4764	0.5201	0.1862	0.2395	-0.3232	0.7789	0.3922	0.7462	1.273	0.2272
219285	219285	-1.0474	-0.4119	-1.466	-1.4966	0.9436	-1.2491	-1.4585	-0.0815	-1.3941	-1.6313	0.1525	0.2363	-0.9342	0.4182	0.1806	1.7425	-0.1725	-0.3008	0.6392	1.1465	0.9307	0.9809	-0.765
51015	51015	0.1122	0.7512	1.813	1.739	1.227	1.022	1.73	0.49	2.169	1.631	-0.4265	4.52E-07	0.7717	-0.5266	-0.2252	-1.06	-0.1757	-1.08	-0.3808	-0.3398	-0.7791	-0.9536	-1.435
4137	4137	0.1253	0.105	0.1025	3.828	2.11	-0.5046	2.614	2.517	3.113	2.304	-2.69E-07	-0.7174	-1.759	1.13	-0.8797	-0.5974	-0.02652	-0.1864	0.1262	-0.06752	-0.4269	-0.7236	-0.2732
170302	170302	-0.2141	0.3923	2.3755	0.8908	1.915	1.3313	0.4705	-1.4815	0.0875	0.6119	1.0839	1.3124	-0.8396	0.7889	0.0617	-0.9635	-0.407	0.0414	-0.5808	-1.3155	-1.889	0.1014	-1.1845
4837	4837	-1.0813	-0.0314	0.2961	0.1118	-0.4582	-1.201	0.1712	-1.1206	-0.1149	-0.51	-1.2546	1.2885	0.0886	0.6468	2.2751	1.7471	3.146	4.7005	5.185	2.411	3.0137	-1.0776	0.8271
57535	57535	4.642	4.253	2.131	1.227	4.841	4.765	4.413	2.454	4.253	3.33	4.255	-0.0309	-0.1462	-0.4127	1.87E-07	-0.5648	-0.009664	-0.7867	-0.8722	-0.2574	-0.4408	-0.2944	-0.4346
54101	54101	-1.85E-07	0.2876	-1.124	-0.3919	0.2616	-0.4739	-1.203	-1.016	-1.348	-1.217	-0.4756	1.613	1.263	-1.41	1.197	1.971	1.385	-1.15	2.091	-0.1285	0.451	0.8464	0.4864
1128	1128	2.388	1.495	0.5651	2.473	3.094	-0.1256	3.368	-0.5409	-0.6964	1.858	2.834	0.7767	-0.3169	-0.7129	-0.6225	-1.78E-07	-0.2604	0.9233	-0.7246	-0.0924	-0.6234	-0.685	2.313
56882	56882	-0.074	0.2462	0.2418	0.3141	0.06044	0.2321	0.7315	-0.03822	1.09E-07	0.8711	0.271	-0.2729	-0.5253	-0.04937	0.00278	0.264	0.3084	-0.3842	-0.2964	-0.3514	-0.9579	-0.6208	-0.6214
1534	1534	0.8563	0.9711	0.9427	0.8232	-0.05601	0.8354	1.386	1.386	1.346	1.705	0.9976	-0.5139	-0.1065	-1.794	-0.02574	-2.63E-07	0.1524	-1.044	-0.5689	-0.919	-0.9901	-0.339	-0.7794
3628	3628	-1.199	-0.2484	0.07017	0.5308	-1.249	-0.06176	-0.6044	-0.859	-1.346	-0.4334	-0.5041	4.33E-07	1.964	0.09693	0.2784	1.639	-0.1462	-0.5387	2.278	2.258	1.055	2.256	1.315
10809	10809	1.716	2.192	3.603	2.611	3.586	4.025	3.436	0.3452	3.58	2.807	1.268	-0.8809	-3.39E-07	-2.542	-1.443	-0.8686	-2.705	-3.091	-0.7348	-4.496	-2.899	-0.5397	-2.987
3914	3914	4.45E-07	-0.6204	-3.016	-0.4556	-0.1123	-2.923	0.2668	-0.04996	-0.4841	-2.523	-0.1249	0.5969	2.794	0.8429	2.422	3.613	2.625	-0.5285	0.5663	3.825	0.5482	5.477	-2.118
10265	10265	-0.9773	-0.6897	1.927	1.944	0.3348	1.05	1.48	1.216	0.1115	0.9645	1.08	0.6343	-1.93E-07	-3.986	-2.808	0.04131	-0.05206	-1.474	-2.719	-2.318	-4.202	-5.033	-1.566
284119	284119	-3.178	-4.566	-4.608	-4.071	-5.301	-4.032	-5.075	-4.462	-3.297	-2.699	-3.775	0.2593	2.018	0.8104	0.633	1.14E-07	1.349	1.882	1.784	2.313	2.59	1.561	1.853
2048	2048	0.1541	0.0762	0.00628	-0.5139	-0.3502	-0.7771	-0.07735	0.3806	-0.05342	-0.9258	-0.5166	1.396	1.98E-07	-0.1439	-0.07757	1.287	0.4063	-0.8935	0.8442	1.313	1.203	0.7816	-1.021
800	800	0.1417	-0.3968	-0.9599	-1.4845	-1.3245	-2.271	-2.384	-1.5727	-2.0505	-1.468	-0.984	1.2405	2.5815	0.6944	1.0532	-1.2105	-0.1276	0.8005	2.0065	0.3378	3.5375	-0.686	0.9277
5618	5618	1.0735	0.5395	-0.251	2.1185	1.304	2.2155	0.8796	0.8473	-0.0027	0.5565	1.952	-0.4555	-0.205	-0.5581	-0.0225	-0.3681	-1.498	0.2495	-0.5521	-1.5675	-1.865	-1.7935	-1.7105
9687	9687	-0.2875	-3.237	-2.217	2.389	1.678	0.7183	0.609	0.9696	1.97	2.448	0.4704	-1.097	-1.587	-1.81E-07	0.7494	0.3043	-1.471	-1.531	-1.159	-2.463	-1.734	-1.528	0.8282
3485	3485	-0.1465	-1.753	2.823	3.849	1.558	2.455	2.308	1.297	2.934	-0.005989	1.203	-1.128	0.6167	1.437	1.481	-3.434	-3.369	-2.886	-4.43E-07	-2.87	-3.521	-2.06	-3.362
1365	1365	1.434	0.5214	0.6975	0.6597	0.1562	0.7469	0.6552	1.769	2.439	2.092	1.546	-0.8929	-3.58E-07	-3.927	-3.645	-2.601	-1.493	-6.238	-5.146	-5.528	-6.539	-5.014	-6.372
10559	10559	0.3526	-4.53E-07	1.394	0.002248	0.9531	1.258	1.141	0.9441	1.122	0.7917	1.411	0.1767	-0.7421	-0.3894	-0.356	-1.03	-0.8475	-0.2738	-0.9322	-1.195	-1.179	-0.1018	-0.6939
6506	6506	1.103	0.3882	-0.24	1.5488	1.1775	-0.045	0.8809	-0.7281	0.1415	0.4969	0.0474	0.2685	-0.7438	0.0791	-0.0692	-1.54	-0.1767	-0.423	-0.0771	-0.6843	-0.5466	-0.3856	-0.2401
56034	56034	-1.421	-1.81	-1.684	-3.153	-1.199	0.02066	-1.52	-2.711	-3.502	-4.236	-3.645	1.077	3.48E-07	0.05633	0.2625	0.7731	0.506	1.155	0.9174	2.51	0.9704	0.9232	-1.149
5236	5236	0.9457	-0.001968	-0.6378	-0.7289	-0.4926	-1.988	-0.04174	-1.897	-2.088	-1.869	-1.967	0.7862	-0.5206	1.138	0.5906	1.404	0.3031	0.4545	0.2311	1.068	0.9652	-2.31E-07	0.5576
148327	148327	1.98	0.8621	1.02	0.2077	1.6	1.488	2.474	-0.7784	1.456	1.625	1.722	-3.55E-07	-1.475	-1.395	-0.4668	0.2597	-0.711	-1.532	-1.376	-1.935	-2.236	-1.471	-1.616
2635	2635	-1.129	-1.99	-5.282	-2.601	-1.097	-0.6376	-3.301	-1.993	-5.184	-1.931	2.239	1.48	1.869	1.545	1.905	3.238	0.172	-1.214	1.64E-07	2.319	2.578	0.4866	0.1239
3678	3678	-2.723	-0.9939	-1.225	-2.656	-0.9514	0.303	-1.034	1.34E-07	-1.21	-1.037	-0.1104	-2.593	0.4005	1.116	0.7697	0.7949	-0.00289	1.437	0.9209	1.229	3.181	0.848	0.5364
84441	84441	-0.327	-0.4227	-0.9435	-0.6695	-1.1108	-1.337	-0.9367	-1.7235	-1.4038	-2.1925	-0.8647	1.519	0.9985	0.2712	1.55	0.6435	1.7555	0.8401	0.3792	1.1178	1.622	0.5827	1.5555
8644	8644	0.1127	-6.05	-5.06	-1.946	-4.994	0.3858	-2.917	-0.264	-0.4177	-5.44	-2.486	-2.024	4.758	1.73E-07	3.727	5.101	2.312	0.7032	1.759	2.487	2.454	5.494	-5.743
301	301	-0.5544	-1.4578	-1.23	-1.121	-1.2785	-1.5235	-1.8315	-2.805	-3.1865	-4.2575	-0.4212	1.8925	-0.1095	2.3077	-1.4304	3.0475	2.2047	2.3952	2.66	2.2325	2.0042	2.7265	2.52
79611	79611	2.282	1.935	-0.451	2.678	-0.2315	-1.46E-07	-0.02379	2.883	-0.5703	1.99	2.21	-0.1269	0.5624	-0.7248	-0.5891	-0.2718	-0.3823	0.2463	0.08216	-0.1696	-0.0182	0.5748	1.146
3382	3382	-2.086	-0.1488	0.2812	0.2669	1.139	0.03481	0.9748	-0.3775	0.4963	0.6564	0.4663	0.5296	1.18E-07	0.1775	0.08519	-3.574	-1.285	-1.952	-1.196	-2.205	-2.523	-1.72	-1.798
3428	3428	-4.31E-08	-1	-0.5964	-2.501	-0.6565	-1.662	-2.245	-0.7709	-1.525	-0.1841	-1.543	-0.3761	3.273	4.223	3.308	5.637	5.399	4.555	3.832	4.664	4.26	4.612	5.445
161145	161145	-1.036	-0.2459	1.828	-0.3459	1.331	0.6867	2.604	0.02534	0.2978	0.3626	-1.144	0.09356	4.89E-08	-0.1382	-0.9102	1.765	-0.9668	-0.06369	-1.024	-1.337	-0.2688	0.3107	1.43
9619	9619	0.605	1.311	2.555	2.236	1.566	2.455	2.232	1.161	2.144	1.985	2.649	-0.3333	-0.9054	-0.06625	-1.54E-07	-0.2825	-0.5432	-1.382	-1.143	-1.054	-2.112	-1.142	-0.7507
